================================================================================
J-Stock Universe Selection - Full Score Summary
================================================================================

Processed stocks: 50
Selected top 5 stocks

All stocks (sorted by TotalScore):
Rank,Code,CompanyName,TotalScore,Rank_Vol,Rank_Liq,Rank_Trend,Close,ATR_Ratio,MedianTurnover,TrendStrength
1,1801,Stock_1801,0.9720,0.9600,1.0000,0.9600,16745.00,0.025997,11190929500,0.558842
2,1570,Stock_1570,0.9040,0.7600,1.0000,1.0000,49650.00,0.029046,130346505635,0.399681
3,1803,Stock_1803,0.8840,0.9200,0.8800,0.8400,2906.50,0.025559,5111819125,0.424419
4,1662,Stock_1662,0.8800,0.8800,0.8000,0.9600,2047.00,0.042834,3157268700,0.375038
5,1812,Stock_1812,0.8720,0.8000,0.9600,0.8800,6596.00,0.022975,9810632500,0.443530
6,1871,Stock_1871,0.8680,1.0000,0.5600,1.0000,3135.00,0.027889,435545300,0.570060
7,1802,Stock_1802,0.7880,0.6800,0.9200,0.8000,3600.00,0.020574,7662963000,0.385256
8,1605,Stock_1605,0.7400,0.5600,0.9200,0.8000,3286.00,0.022181,16188458600,0.260320
9,1815,Stock_1815,0.7200,0.7200,0.5200,0.9200,5120.00,0.021747,406824000,0.460587
10,1663,Stock_1663,0.7080,0.7200,0.5200,0.8800,4240.00,0.028849,614097500,0.277292
11,1357,Stock_1357,0.6720,0.8400,0.9600,0.1600,5011.00,0.037109,21318062437,-0.321517
12,1414,Stock_1414,0.6400,1.0000,0.7600,0.0400,1418.00,0.131837,1682906650,-0.696714
13,1833,Stock_1833,0.6400,0.5200,0.6800,0.7600,6620.00,0.018359,770770000,0.300906
14,1515,Stock_1515,0.6320,0.9200,0.6800,0.2000,3155.00,0.045501,1223380950,-0.275774
15,1860,Stock_1860,0.6320,0.5600,0.6400,0.7200,1388.00,0.018810,581213525,0.296259
16,1321,Stock_1321,0.6080,0.3200,0.8800,0.7200,56230.00,0.015285,11393321210,0.202799
17,1813,Stock_1813,0.6000,0.8400,0.3200,0.5600,3080.00,0.023698,133574800,0.233431
18,1417,Stock_1417,0.6000,0.3600,0.6000,0.9200,3777.00,0.018489,743482150,0.310206
19,1861,Stock_1861,0.5920,0.8800,0.7200,0.0800,1707.00,0.024497,897426700,-0.400799
20,1808,Stock_1808,0.5880,0.3600,0.8000,0.6800,3267.00,0.015612,2140400900,0.292729
21,1721,Stock_1721,0.5800,0.4000,0.7600,0.6400,4871.00,0.016418,2041169400,0.274839
22,1333,Stock_1333,0.5760,0.9600,0.5600,0.0800,1350.00,0.101447,620115550,-0.576104
23,1332,Stock_1332,0.5680,0.4000,0.7200,0.6400,1155.00,0.018774,1447679300,0.115949
24,1377,Stock_1377,0.5560,0.6400,0.4400,0.5600,4100.00,0.023717,485605000,0.080558
25,1720,Stock_1720,0.5360,0.4400,0.3600,0.8400,1372.00,0.018901,336675400,0.267285
26,1719,Stock_1719,0.5320,0.2800,0.6400,0.7600,2013.00,0.014909,1155750800,0.221477
27,1762,Stock_1762,0.5200,0.6400,0.2800,0.6000,4195.00,0.020437,133379000,0.235534
28,1810,Stock_1810,0.5080,0.7600,0.1600,0.5200,1590.00,0.022197,43572600,0.219130
29,1306,Stock_1306,0.5040,0.1200,0.8400,0.6800,3854.00,0.011898,7181343720,0.182837
30,1852,Stock_1852,0.5040,0.6000,0.4800,0.4000,1108.00,0.020198,343634650,0.156366
31,1514,Stock_1514,0.4880,0.8000,0.2800,0.2800,630.00,0.031492,169048000,-0.016949
32,1835,Stock_1835,0.4560,0.4800,0.4400,0.4400,4830.00,0.018347,270738750,0.184673
33,1419,Stock_1419,0.4440,0.4800,0.4800,0.3600,3710.00,0.018941,490525000,0.024654
34,1870,Stock_1870,0.4400,0.4400,0.4000,0.4800,2455.00,0.018326,234543200,0.212713
35,1820,Stock_1820,0.4000,0.2800,0.6000,0.3600,5926.00,0.014967,544406600,0.120756
36,167A,Stock_167A,0.3960,0.2400,0.4000,0.6000,3185.00,0.014811,367011500,0.113854
37,1878,Stock_1878,0.3920,0.3200,0.8400,0.0400,3056.00,0.015233,3761521200,-0.673703
38,1435,Stock_1435,0.3920,0.6800,0.1600,0.2400,171.00,0.025836,70702250,-0.024889
39,1518,Stock_1518,0.3720,0.6000,0.3200,0.1200,1468.00,0.022714,327604800,-0.541877
40,1376,Stock_1376,0.3520,0.5200,0.0800,0.4000,1554.00,0.021413,19382850,0.027669
41,1301,Stock_1301,0.2920,0.1600,0.2400,0.5200,4935.00,0.012366,138683000,0.068259
42,1766,Stock_1766,0.2720,0.2000,0.3600,0.2800,14910.00,0.013129,154128000,0.071209
43,1379,Stock_1379,0.2360,0.0800,0.2000,0.4800,2034.00,0.011875,98001700,0.064660
44,1786,Stock_1786,0.2280,0.2400,0.2000,0.2400,432.00,0.013413,73131600,0.070582
45,1716,Stock_1716,0.2240,0.2000,0.0400,0.4400,1410.00,0.014262,18440850,0.038021
46,1822,Stock_1822,0.1720,0.1600,0.2400,0.1200,820.00,0.012922,103620800,-0.303509
47,1780,Stock_1780,0.1520,0.0800,0.0800,0.3200,1531.00,0.012092,33200250,0.106320
48,1375,Stock_1375,0.1480,0.0400,0.1200,0.3200,1070.00,0.008063,49637500,0.002155
49,1726,Stock_1726,0.1120,0.0400,0.1200,0.2000,361.00,0.011040,33798150,0.065568
50,1873,Stock_1873,0.1080,0.1200,0.0400,0.1600,327.00,0.012256,21121800,0.033582

--------------------------------------------------------------------------------
TOP 5:
Rank,Code,CompanyName,TotalScore
1,1801,Stock_1801,0.9720
2,1570,Stock_1570,0.9040
3,1803,Stock_1803,0.8840
4,1662,Stock_1662,0.8800
5,1812,Stock_1812,0.8720